# VP9 MV-reference candidate scan — reference decoder output.
#
# 400 pseudo-random synthetic neighbourhoods, decoded by the **verbatim**
# libvpx v1.15.2 functions (`vp9/common/vp9_mvref_common.{c,h}` bodies copied
# by line range against minimal stub types, compiled with cc -O1). They are a
# reference decoder's output, not a second transcription of the Rust port:
# `find_mv_refs_matches_the_libvpx_reference_decoder` in `tests.rs` regenerates
# the same 400 cases from the same deterministic LCG (seed 0x1234567,
# state = state * 1664525 + 1013904223, drawn in exactly the order documented
# there) and must reproduce every number below.
#
# One line per case, whitespace-separated:
#   0..4   find_mv_refs: list[0].row list[0].col list[1].row list[1].col
#   4      mode_context
#   5      allow_hp for the find_best_ref_mvs call
#   6..10  vp9_find_best_ref_mvs (lower_mv_precision + clamp_mv2):
#          nearest.row nearest.col near.row near.col
#   10..26 present only when the block is sub-8x8: four groups of
#          nearest.row nearest.col near.row near.col, one per sub-block index
#          0..3, from vp9_append_sub8x8_mvs_for_idx with ref = 0.
-256 -128 -256 448 2 0 -256 -128 -256 448
320 -512 -384 128 3 1 320 -512 -384 128 320 -512 -384 128 834 -513 -167 128 834 -513 320 -512 -821 -43 514 -692
256 45 -124 128 3 1 256 44 -124 128
128 -256 128 164 3 0 128 -256 128 164 128 -256 128 164 -871 890 128 -256 -871 890 128 -256 -766 556 -876 45
-192 -128 320 76 5 0 -192 -128 320 76
320 -320 188 -212 3 1 320 -320 188 -212 320 -320 188 -212 -37 -935 320 -320 -37 -935 320 -320 517 -469 -5 -583
320 128 -384 -512 3 1 320 128 -384 -512 320 128 -384 -512 -426 -48 320 128 -426 -48 320 128 843 921 -285 -245
93 -128 -128 -369 3 0 92 -128 -128 -368
-108 -512 -18 -182 3 1 -108 -512 -18 -182 -108 -512 -18 -182 -990 893 -108 -512 -990 893 -108 -512 277 -308 -178 730
384 64 -128 64 3 1 384 64 -128 64
256 64 -33 64 2 1 256 64 -32 64
192 128 -384 -384 3 1 192 128 -384 -384 192 128 -384 -384 511 436 192 128 511 436 192 128 -383 886 -356 55
128 192 128 192 3 0 128 192 128 192 128 192 128 192 -481 -306 -414 192 -481 -306 128 192 -976 636 -705 -883
-128 -64 -128 -64 3 1 -128 -64 -128 -64
-128 -256 -128 -320 3 1 -128 -256 -128 -320
256 -64 256 -512 3 1 256 -64 256 -512
-166 192 -343 192 3 1 -166 192 -342 192
512 -410 512 -512 3 1 512 -410 512 -512
192 16 -384 -194 3 1 192 16 -384 -194
-192 -65 -192 -78 3 0 -192 -64 -192 -78
534 64 576 -512 3 1 534 64 576 -512
-117 576 -126 576 5 0 -116 576 -126 576 -117 576 -126 576 261 717 -117 576 261 717 -117 576 879 -110 883 895
-320 -384 -320 -384 3 0 -320 -384 -320 -384
-127 -128 192 269 2 0 -126 -128 192 268 -127 -128 192 269 -529 -122 -127 -128 -529 -122 -127 -128 311 -822 -377 -365
-384 320 128 320 3 0 -384 320 128 320 128 320 128 320 316 -709 -384 320 316 -709 128 320 -945 772 891 373
320 -256 10 -94 3 0 320 -256 10 -94
320 -512 320 128 3 1 320 -512 320 128 320 -512 320 128 182 866 320 -512 182 866 320 -512 288 518 -788 -516
-256 -384 -320 128 3 0 -256 -384 -320 128
175 64 320 64 3 1 174 64 320 64
-239 -512 -384 128 3 1 -238 -512 -384 128 320 128 -384 128 519 680 -239 -512 519 680 320 128 417 244 -453 569
-128 505 320 -128 2 0 -128 504 320 -128
210 64 319 -116 3 1 210 64 318 -116
-384 128 243 -512 3 1 -384 128 242 -512 320 -162 243 -512 -968 -596 -384 128 -968 -596 320 -162 98 576 -435 296
-64 -384 -64 -268 3 0 -64 -384 -64 -268
384 64 -128 -512 3 1 384 64 -128 -512
-146 320 192 320 3 0 -146 320 192 320 192 -384 192 320 928 -206 -146 320 928 -206 192 -384 -822 -283 -830 -226
-324 128 0 -104 4 0 -324 128 0 -104
320 -256 -256 -146 3 1 320 -256 -256 -146
0 -384 0 -64 2 1 0 -384 0 -64
-384 -288 -384 -270 3 1 -384 -288 -384 -270 -384 128 -384 -270 -978 -103 -384 -288 -978 -103 -384 128 -547 579 -508 209
-192 -256 -384 -256 2 0 -192 -256 -384 -256
256 -256 -256 256 3 1 256 -256 -256 256
-75 256 6 -256 3 1 -74 256 6 -256
-128 -347 -128 -512 3 1 -128 -346 -128 -512
34 320 -384 320 3 0 34 320 -384 320 34 320 -384 320 -473 -573 34 320 -473 -573 34 320 -294 -366 737 499
256 -384 208 128 3 0 256 -384 208 128
512 -142 -128 -64 3 1 512 -142 -128 -64
64 320 -384 -105 3 0 64 320 -384 -104
512 -348 149 -325 3 0 512 -348 148 -324 512 -348 149 -325 945 770 512 -348 945 770 512 -348 108 -1003 -819 852
-512 -26 -479 129 2 0 -512 -26 -478 128
-192 384 -256 -128 2 0 -192 384 -256 -128
512 128 74 128 3 1 512 128 74 128
-192 128 -192 102 3 0 -192 128 -192 102
-128 64 -11 -343 3 1 -128 64 -10 -342
-184 -163 -256 -256 3 1 -184 -162 -256 -256
128 -256 128 -256 3 1 128 -256 128 -256
128 0 -50 -208 4 1 128 0 -50 -208
-128 -256 -128 -52 3 0 -128 -256 -128 -52
-128 -384 -128 320 3 0 -128 -384 -128 320
512 -102 -128 -64 3 1 512 -102 -128 -64
-128 -256 -256 -256 3 1 -128 -256 -256 -256
128 -320 128 -512 3 1 128 -320 128 -512
-128 128 -128 128 3 1 -128 128 -128 128
-128 -64 -128 -64 2 1 -128 -64 -128 -64
-19 -64 10 -64 3 1 -18 -64 10 -64
-256 -138 -256 -256 3 0 -256 -138 -256 -256
-256 -31 285 128 3 1 -256 -30 284 128
92 -320 0 0 3 1 92 -320 0 0 92 -320 0 0 -680 199 92 -320 -680 199 92 -320 290 -477 848 764
-128 -512 576 128 3 1 -128 -512 576 128
128 -64 -256 -64 2 1 128 -64 -256 -64
0 -128 -448 -256 3 0 0 -128 -448 -256
-128 -512 384 -512 3 1 -128 -512 384 -512
0 -192 0 -192 2 1 0 -192 0 -192
0 0 0 0 2 1 0 0 0 0
250 -16 384 -512 3 1 250 -16 384 -512
-131 2 128 -320 3 1 -130 2 128 -320
0 -256 -128 -256 3 1 0 -256 -128 -256
384 38 325 192 3 0 384 38 324 192 384 38 325 192 -10 -869 384 38 -10 -869 384 38 -757 442 -36 392
192 -249 -234 214 3 0 192 -248 -234 214
-155 3 -63 128 3 1 -154 2 -62 128 -155 3 -63 128 -140 -377 -155 3 -140 -377 -155 3 79 1019 701 -544
320 -384 129 -301 3 0 320 -384 128 -300
181 -256 -384 -23 3 1 180 -256 -384 -22 181 -256 -384 -23 969 -566 181 -256 969 -566 181 -256 731 -866 -441 603
-192 -384 -256 -384 3 0 -192 -384 -256 -384
320 -256 -256 256 3 1 320 -256 -256 256 320 -256 -256 256 -80 71 320 -256 -80 71 320 -256 -408 -217 -407 -916
448 64 -128 -464 3 1 448 64 -128 -464
87 64 448 -45 2 1 86 64 448 -44
320 128 -384 128 3 1 320 128 -384 128 320 128 -384 128 319 611 320 128 319 611 320 128 -938 -940 -933 292
-128 -121 384 -64 2 1 -128 -120 384 -64
-128 -320 -128 -320 3 1 -128 -320 -128 -320
128 -320 128 -320 3 1 128 -320 128 -320
384 -384 384 -384 2 1 384 -384 384 -384
-84 -128 0 0 2 0 -84 -128 0 0
-320 -128 -320 -128 2 0 -320 -128 -320 -128
-222 -1 384 448 2 0 -222 0 384 448
-256 -192 128 -192 3 1 -256 -192 128 -192
-192 401 -192 576 5 0 -192 400 -192 576 -192 401 -192 576 453 644 -192 401 453 644 -192 401 745 -708 855 -37
192 -128 192 -20 2 0 192 -128 192 -20 192 -128 192 -20 -93 -578 192 -128 -93 -578 192 -128 659 473 -429 294
128 64 128 64 3 1 128 64 128 64
192 256 192 256 3 1 192 256 192 256
-128 -449 128 -320 3 1 -128 -448 128 -320
256 -273 256 -320 3 1 256 -272 256 -320
-384 -361 192 -189 3 1 -384 -360 192 -188 -384 -361 192 -189 858 660 -384 -361 858 660 -384 -361 -398 164 -670 611
-384 -256 -113 -256 3 0 -384 -256 -112 -256
64 -143 64 0 3 0 64 -142 64 0
-128 -320 -128 -320 3 1 -128 -320 -128 -320
192 -171 192 256 3 0 192 -170 192 256
115 -48 512 -503 3 1 114 -48 512 -502
0 -256 -157 192 3 1 0 -256 -156 192
-384 -320 -384 -320 3 1 -384 -320 -384 -320
-128 -64 106 -64 3 1 -128 -64 106 -64
-384 -222 0 -333 2 1 -384 -222 0 -332
-384 -128 -306 -128 2 0 -384 -128 -306 -128 -384 -128 -306 -128 -59 819 -384 -128 -59 819 -384 -128 657 519 367 526
320 320 -128 320 3 0 320 320 -128 320
384 -40 384 192 3 1 384 -40 384 192
256 64 -256 64 3 1 256 64 -256 64
512 128 512 -247 3 1 512 128 512 -246
-98 -512 -202 -64 3 1 -98 -512 -202 -64
-128 -512 576 128 3 1 -128 -512 576 128 -128 -512 576 128 26 206 -128 -512 26 206 -128 -512 774 941 186 159
0 -256 -192 128 3 0 0 -256 -192 128
-384 64 -256 24 3 1 -384 64 -256 24
72 45 -128 128 2 1 72 44 -128 128
512 64 -128 -464 3 1 512 64 -128 -464
151 -80 384 -64 3 1 150 -80 384 -64
163 -384 -128 -207 3 0 162 -384 -128 -206 163 -384 -128 -207 -303 845 163 -384 -303 845 163 -384 679 -837 486 -589
-384 -384 -384 -269 3 0 -384 -384 -384 -268
-375 -320 128 -320 3 1 -374 -320 128 -320
-204 -64 -296 -64 3 1 -204 -64 -296 -64
192 -168 -384 128 3 1 192 -168 -384 128
515 128 576 128 3 1 514 128 576 128 515 128 576 128 -605 -530 515 128 -605 -530 515 128 -798 465 582 435
0 0 0 0 2 1 0 0 0 0 0 0 0 0 1023 761 0 0 1023 761 0 0 824 84 -380 465
-8 -384 -384 132 3 0 -8 -384 -384 132 -384 268 -384 132 877 425 -8 -384 877 425 -384 268 -784 -626 112 211
-64 354 -128 -128 2 0 -64 354 -128 -128
-128 -512 128 -460 3 1 -128 -512 128 -460
-384 256 128 256 3 0 -384 256 128 256
-64 -320 384 -290 3 1 -64 -320 384 -290
288 384 -192 145 2 0 288 384 -192 144
-153 192 -201 -320 3 1 -152 192 -200 -320 -256 -320 -201 -320 -845 600 -153 192 -845 600 -256 -320 810 211 -935 -429
140 -384 -73 -275 3 0 140 -384 -72 -274
128 128 128 -384 3 1 128 128 128 -384
-384 -512 -156 -64 3 1 -384 -512 -156 -64
-128 64 -128 64 2 1 -128 64 -128 64
-384 -64 -384 -64 3 1 -384 -64 -384 -64
-207 -320 -256 -384 3 1 -206 -320 -256 -384
142 64 320 -512 3 1 142 64 320 -512
-128 -512 -128 -64 3 1 -128 -512 -128 -64
192 -256 192 192 3 1 192 -256 192 192
-76 -256 319 -256 3 1 -76 -256 318 -256 -76 -256 319 -256 -5 880 -76 -256 -5 880 -76 -256 -875 -982 -181 -373
256 -235 -256 -384 3 0 256 -234 -256 -384 -115 320 -256 -384 221 181 256 -235 221 181 -115 320 -181 -738 433 -79
64 256 -384 256 3 0 64 256 -384 256
-128 -320 384 -512 3 1 -128 -320 384 -512
-384 -512 -384 128 3 1 -384 -512 -384 128
-320 512 -279 512 2 0 -320 512 -278 512
0 0 0 0 2 1 0 0 0 0
-128 -105 -128 128 3 1 -128 -104 -128 128 -128 -105 -128 128 -520 -52 -128 -105 -520 -52 -128 -105 -183 516 120 571
-256 -384 -192 -370 3 0 -256 -384 -192 -370
-121 -384 236 320 3 0 -120 -384 236 320 320 320 236 320 856 915 -121 -384 856 915 320 320 563 -956 362 -425
-128 -128 -128 -128 3 0 -128 -128 -128 -128
-128 64 -256 64 3 1 -128 64 -256 64
0 0 0 0 2 1 0 0 0 0
-128 0 -256 0 3 1 -128 0 -256 0
-384 -320 -27 -320 3 1 -384 -320 -26 -320
-88 -512 576 64 3 1 -88 -512 576 64
170 -448 -384 64 3 1 170 -448 -384 64
-512 -384 64 -384 3 0 -512 -384 64 -384
64 256 64 135 3 0 64 256 64 134
256 -512 256 -512 3 1 256 -512 256 -512
-64 0 -64 0 3 0 -64 0 -64 0
-256 -256 228 -256 3 1 -256 -256 228 -256
-214 174 -87 152 3 1 -214 174 -86 152 -214 174 -87 152 -460 -1021 -214 174 -460 -1021 -214 174 727 1010 -963 -339
-199 -360 -256 312 3 0 -198 -360 -256 312 -199 -360 -256 312 711 -1000 -74 320 711 -1000 -199 -360 -222 -463 -871 965
320 128 -384 128 3 1 320 128 -384 128 320 128 -384 128 258 686 320 128 258 686 320 128 -845 -676 -981 812
-66 -256 -128 128 3 0 -66 -256 -128 128
320 128 279 72 3 1 320 128 278 72
0 0 0 0 2 1 0 0 0 0 0 0 0 0 100 857 0 0 100 857 0 0 554 -764 -249 83
-192 192 -192 -201 3 0 -192 192 -192 -200
576 128 134 -41 3 1 576 128 134 -40
-128 128 77 128 3 1 -128 128 76 128
320 256 320 256 3 0 320 256 320 256
11 128 -45 128 3 1 10 128 -44 128 11 128 -45 128 266 705 11 128 266 705 11 128 -506 -949 -258 -429
0 -256 0 -384 3 0 0 -256 0 -384
100 128 384 128 3 0 100 128 384 128
512 -117 36 64 3 1 512 -116 36 64
-128 -64 -128 -358 3 1 -128 -64 -128 -358
-128 -273 -128 64 3 1 -128 -272 -128 64
-256 0 -256 0 3 0 -256 0 -256 0
-84 320 192 186 3 0 -84 320 192 186
-256 -64 -256 -64 3 1 -256 -64 -256 -64
-256 -128 -38 0 2 0 -256 -128 -38 0
-384 -64 128 -512 3 1 -384 -64 128 -512
-256 -39 -256 320 3 0 -256 -38 -256 320 -256 -39 -256 320 95 -843 384 320 95 -843 -256 -39 53 -167 -42 566
-39 -320 128 -512 3 1 -38 -320 128 -512
128 -512 128 -512 3 1 128 -512 128 -512
128 96 -224 -233 3 0 128 96 -224 -232 128 96 -224 -233 -714 -49 -226 192 -714 -49 128 96 -990 -358 -764 761
576 -5 109 -512 3 1 576 -4 108 -512
-128 -92 256 -320 3 1 -128 -92 256 -320
-384 -64 -128 -512 3 1 -384 -64 -128 -512
163 448 24 448 2 0 162 448 24 448 163 448 24 448 -931 -588 163 448 -931 -588 163 448 -169 -711 572 629
-128 -60 0 0 2 0 -128 -60 0 0
256 -128 0 0 2 0 256 -128 0 0 256 565 0 0 -527 -546 256 -128 -527 -546 256 565 704 -607 -640 259
-47 512 -128 362 2 0 -46 512 -128 362
-256 145 -256 153 3 1 -256 144 -256 152
-296 -384 192 -384 3 0 -296 -384 192 -384 -448 192 192 -384 -118 -834 -296 -384 -118 -834 -448 192 -458 718 157 448
-192 576 320 341 5 0 -192 576 320 340
-128 0 -256 0 3 1 -128 0 -256 0
-128 64 -128 64 3 1 -128 64 -128 64
0 0 0 0 2 1 0 0 0 0
143 192 -128 192 3 0 142 192 -128 192 143 192 -128 192 414 134 143 192 414 134 143 192 -178 -556 -398 -725
-109 -64 -128 -64 3 1 -108 -64 -128 -64
-384 128 86 -512 3 1 -384 128 86 -512 -384 60 86 -512 1007 -497 -384 128 1007 -497 -384 60 -778 998 -221 -935
64 -128 64 -43 3 0 64 -128 64 -42
-128 192 0 0 3 1 -128 192 0 0 -128 192 0 0 794 392 -128 192 794 392 -128 192 -295 -1002 525 -361
128 -128 128 -110 2 0 128 -128 128 -110 -512 448 128 -110 149 257 128 -128 149 257 -512 448 -1016 -476 -787 637
-227 576 128 576 2 0 -226 576 128 576
-166 -192 -128 -192 2 1 -166 -192 -128 -192
128 -320 128 -512 3 1 128 -320 128 -512
192 -256 192 256 3 1 192 -256 192 256 192 -256 192 256 154 97 192 -256 154 97 192 -256 479 485 698 807
-448 320 -448 -256 3 0 -448 320 -448 -256 -448 320 -448 -256 -993 -454 -448 320 -993 -454 -448 320 -255 620 888 -23
-128 -512 -128 -64 3 1 -128 -512 -128 -64
-2 -512 200 128 3 1 -2 -512 200 128
-384 -429 -128 -320 3 1 -384 -428 -128 -320
-210 246 20 -128 2 0 -210 246 20 -128 -210 246 20 -128 -487 -592 -210 246 -487 -592 -210 246 757 -637 -973 -943
576 64 -128 64 3 1 576 64 -128 64
121 128 -45 128 3 1 120 128 -44 128 121 128 -45 128 426 -235 121 128 426 -235 -282 128 -717 -532 -7 -414
320 -128 320 133 2 0 320 -128 320 132
-128 -384 245 256 3 0 -128 -384 244 256
256 -129 256 3 3 0 256 -128 256 2 256 -129 256 3 34 -222 -384 192 34 -222 256 -129 -526 151 -482 -9
-384 0 128 0 3 1 -384 0 128 0
505 128 -17 -199 3 1 504 128 -16 -198
512 64 -128 -119 3 1 512 64 -128 -118
-128 -384 -128 -150 3 1 -128 -384 -128 -150
256 0 30 -320 3 1 256 0 30 -320
-220 76 201 128 3 1 -220 76 200 128
0 512 0 512 2 0 0 512 0 512
320 -174 -229 128 3 1 320 -174 -228 128
-256 192 320 -256 3 1 -256 192 320 -256
320 -512 320 -380 3 1 320 -512 320 -380 320 -512 320 -380 -408 785 320 -512 -408 785 320 -512 -518 1009 634 -143
-128 -320 128 -320 3 1 -128 -320 128 -320
-384 -512 -128 -64 3 1 -384 -512 -128 -64
230 -320 -128 -135 3 1 230 -320 -128 -134
-64 -256 -64 -256 3 0 -64 -256 -64 -256
-192 -128 -192 0 3 0 -192 -128 -192 0
-320 0 -320 -222 4 0 -320 0 -320 -222
57 128 448 128 2 1 56 128 448 128
-384 64 320 64 3 1 -384 64 320 64
-269 -512 128 -117 3 1 -268 -512 128 -116
-256 -260 320 128 3 1 -256 -260 320 128
-169 -192 -112 -67 3 0 -168 -192 -112 -66 -169 -192 -112 -67 610 270 -169 -192 610 270 -169 -192 480 -708 1011 -793
0 0 0 0 5 0 0 0 0 0 0 0 0 0 903 331 0 0 903 331 0 0 -675 -714 48 -598
-384 128 -187 -364 3 1 -384 128 -186 -364
448 -135 0 0 3 1 448 -134 0 0 448 -135 0 0 -367 -488 448 -135 -367 -488 448 -135 -137 -58 164 -943
256 64 256 -276 3 1 256 64 256 -276
233 128 -320 128 3 0 232 128 -320 128
34 194 -320 -128 2 0 34 194 -320 -128
-128 -512 576 -512 3 1 -128 -512 576 -512
-448 -384 -448 -256 3 0 -448 -384 -448 -256
-320 -128 -384 128 3 0 -320 -128 -384 128
128 -512 -384 -320 3 1 128 -512 -384 -320
576 128 -71 128 3 1 576 128 -70 128
-320 -256 320 -256 3 0 -320 -256 320 -256 -320 -256 320 -256 -12 -164 -320 25 -12 -164 -320 -256 722 -38 -15 928
-128 -261 124 -384 2 1 -128 -260 124 -384 -128 -261 124 -384 550 -470 -128 -261 550 -470 -128 -261 81 -256 844 -509
-256 -128 192 256 3 0 -256 -128 192 256
448 -384 -127 -384 2 1 448 -384 -126 -384
128 -320 120 -369 3 1 128 -320 120 -368
-128 -512 400 -349 3 1 -128 -512 400 -348
256 -154 256 -512 3 1 256 -154 256 -512
320 -256 -256 256 3 1 320 -256 -256 256 320 -256 -256 256 121 351 320 -256 121 351 320 -256 -496 -283 635 -520
192 192 192 -320 3 1 192 192 192 -320 192 192 192 -320 -590 292 192 192 -590 292 192 192 -32 80 735 403
59 -185 -384 192 3 0 58 -184 -384 192 59 -185 -384 192 -338 863 59 -185 -338 863 59 -185 -344 -739 894 368
-256 61 320 192 3 1 -256 60 320 192 -256 61 320 192 463 932 -256 61 463 932 -256 61 -979 481 937 -1012
320 -128 -128 -128 2 0 320 -128 -128 -128
82 128 -99 128 3 1 82 128 -98 128
128 -128 -320 -128 2 0 128 -128 -320 -128
512 -512 -128 64 3 1 512 -512 -128 64
512 -91 -128 -512 3 1 512 -90 -128 -512
192 176 -256 -128 2 0 192 176 -256 -128
-128 -231 564 -244 3 1 -128 -230 564 -244 -128 -231 564 -244 75 25 -128 -231 75 25 -128 -231 152 -1024 -288 52
-384 -320 192 -320 3 1 -384 -320 192 -320 192 -320 192 -320 851 -903 -384 -320 851 -903 192 -320 -118 -389 907 582
25 -256 128 -252 3 0 24 -256 128 -252 25 -256 128 -252 900 905 25 -256 900 905 25 -256 -182 868 115 254
-320 -128 -320 384 2 0 -320 -128 -320 384
-363 -512 -384 128 3 1 -362 -512 -384 128
-384 -512 242 -512 3 1 -384 -512 242 -512
-256 -128 -64 -256 4 0 -256 -128 -64 -256
-384 -56 -15 -512 3 1 -384 -56 -14 -512
-128 192 0 0 3 1 -128 192 0 0 -128 192 0 0 -412 725 -128 192 -412 725 -128 192 712 772 568 -796
-37 -261 0 21 4 0 -36 -260 0 20
128 0 48 0 4 1 128 0 48 0
128 64 128 -512 3 1 128 64 128 -512
-128 -320 -128 -320 3 1 -128 -320 -128 -320
320 -442 320 -512 3 1 320 -442 320 -512 320 -442 320 -512 -487 -688 320 -442 -487 -688 320 -442 -364 662 1011 -34
-128 -243 -128 -384 3 0 -128 -242 -128 -384
-128 -384 384 128 2 1 -128 -384 384 128
-128 128 285 -403 3 1 -128 128 284 -402 -128 128 285 -403 -971 931 -128 128 -971 931 -128 128 672 558 675 336
18 192 0 0 3 1 18 192 0 0 18 192 0 0 39 135 18 192 39 135 18 192 -592 -461 -749 -927
-256 -256 192 256 3 0 -256 -256 192 256
-384 -384 -384 -384 3 1 -384 -384 -384 -384 -384 -384 -384 -384 470 649 -384 -384 470 649 -384 -384 905 765 888 -672
320 192 252 192 3 0 320 192 252 192 320 192 252 192 -853 -497 198 192 -853 -497 320 192 -72 -401 -515 631
-384 -400 320 -512 3 1 -384 -400 320 -512
-128 -410 -128 -64 3 1 -128 -410 -128 -64
-256 -116 -320 128 3 0 -256 -116 -320 128
0 128 0 128 3 1 0 128 0 128
-320 256 256 -128 2 0 -320 256 256 -128
320 -256 -256 -256 3 1 320 -256 -256 -256 320 -256 -256 -256 321 -508 320 -256 321 -508 320 -256 -272 -41 181 -402
-256 -320 256 -305 3 1 -256 -320 256 -304
31 -200 128 -64 3 1 30 -200 128 -64
-256 -128 -256 256 2 0 -256 -128 -256 256
-128 -90 279 128 3 1 -128 -90 278 128
28 256 -128 -55 3 0 28 256 -128 -54
128 -64 -128 -512 3 1 128 -64 -128 -512
57 -311 218 128 3 1 56 -310 218 128
-256 -384 -256 -179 3 1 -256 -384 -256 -178
-108 -64 -162 -64 3 1 -108 -64 -162 -64
-384 -85 -384 -99 3 1 -384 -84 -384 -98
128 -320 -44 -320 3 1 128 -320 -44 -320
128 -320 -128 -399 3 1 128 -320 -128 -398
320 128 -384 -512 3 1 320 128 -384 -512
-128 -320 208 -320 3 1 -128 -320 208 -320
-128 -384 256 -320 2 1 -128 -384 256 -320
256 64 256 -512 3 1 256 64 256 -512
-384 128 -39 128 4 0 -384 128 -38 128
0 150 -384 137 3 1 0 150 -384 136
128 -128 128 340 2 0 128 -128 128 340 128 -128 128 340 335 190 128 -128 335 190 128 -128 -413 52 133 -539
-128 -69 -128 -128 3 0 -128 -68 -128 -128
-384 -256 -256 -320 2 1 -384 -256 -256 -320
-384 128 -384 128 3 1 -384 128 -384 128
-304 -129 256 128 3 1 -304 -128 256 128
576 128 -128 -512 3 1 576 128 -128 -512
-448 0 -346 0 2 0 -448 0 -346 0
256 -320 256 -320 3 1 256 -320 256 -320
0 -64 0 -64 2 1 0 -64 0 -64
247 -512 -384 64 3 1 246 -512 -384 64
-256 190 -152 192 3 1 -256 190 -152 192 320 192 -152 192 -723 -526 -256 190 -723 -526 320 192 -245 624 210 737
-64 373 -64 -128 3 0 -64 372 -64 -128
-196 256 -448 149 3 0 -196 256 -448 148
0 0 0 0 2 1 0 0 0 0
256 -144 248 -6 3 1 256 -144 248 -6
320 192 -256 -320 3 1 320 192 -256 -320 142 -320 -256 -320 918 -152 320 192 918 -152 142 -320 285 354 -957 -584
-85 320 -192 -126 3 0 -84 320 -192 -126 -104 320 -192 -126 -151 -1001 -85 320 -151 -1001 -104 320 -212 771 -893 -29
-320 -384 256 192 3 0 -320 -384 256 192
64 -384 -256 -384 3 0 64 -384 -256 -384
-102 128 -256 128 3 1 -102 128 -256 128 -102 128 -256 128 281 -459 -102 128 281 -459 -256 128 691 -298 328 238
-384 64 -384 -107 3 1 -384 64 -384 -106
-128 -384 -64 116 3 0 -128 -384 -64 116
192 192 192 -320 3 1 192 192 192 -320
0 -320 -256 -304 3 1 0 -320 -256 -304
0 -192 0 -192 2 1 0 -192 0 -192
281 -512 -67 64 3 1 280 -512 -66 64
-384 128 192 -320 3 1 -384 128 192 -320
320 -413 -384 -348 3 1 320 -412 -384 -348 320 -207 -384 -348 -770 -27 320 -413 -770 -27 320 -207 -133 151 -140 156
-1 -384 320 -287 3 0 0 -384 320 -286
0 0 0 0 2 0 0 0 0 0
-128 -448 512 -90 3 1 -128 -448 512 -90
-128 -64 384 -209 3 1 -128 -64 384 -208
-256 -128 -256 -128 3 0 -256 -128 -256 -128
256 209 -256 -128 2 0 256 208 -256 -128
320 128 50 -512 3 1 320 128 50 -512 320 128 50 -512 -474 814 320 128 -474 814 320 128 821 918 833 -742
-320 -128 0 -128 2 0 -320 -128 0 -128
0 -333 0 -64 2 1 0 -332 0 -64
-384 -103 150 -217 3 1 -384 -102 150 -216
256 33 131 64 2 1 256 32 130 64
-384 -17 128 576 2 0 -384 -16 128 576 -384 -17 128 576 -395 -777 104 -128 -395 -777 -384 -17 416 -797 -422 158
-128 -512 512 -512 3 1 -128 -512 512 -512
0 0 0 0 2 1 0 0 0 0
256 -384 -256 64 3 1 256 -384 -256 64
-152 -320 260 176 3 1 -152 -320 260 176 -152 -320 260 176 -537 -830 -152 -320 -537 -830 -152 -320 -168 291 -466 283
113 257 512 -256 3 0 112 256 512 -256 113 257 512 -256 -475 804 113 257 -475 804 113 257 329 -90 76 88
320 64 -384 64 3 1 320 64 -384 64
0 0 0 0 2 1 0 0 0 0
-384 -259 204 128 3 1 -384 -258 204 128 320 -512 204 128 -351 -245 -384 -259 -351 -245 320 -512 763 -799 -681 -894
320 127 42 576 5 0 320 126 42 576 320 127 42 576 469 -989 320 127 469 -989 320 127 -545 728 -518 -809
-192 384 -192 384 5 0 -192 384 -192 384
-384 -64 -145 -64 3 1 -384 -64 -144 -64
-256 -128 -256 -256 3 0 -256 -128 -256 -256
0 0 0 0 2 1 0 0 0 0
-128 192 0 0 3 1 -128 192 0 0
-256 -64 -384 -64 3 1 -256 -64 -384 -64
-256 -128 384 -33 2 0 -256 -128 384 -32
320 128 320 -394 3 1 320 128 320 -394 320 128 320 -394 -41 -1000 320 128 -41 -1000 320 128 200 -248 -186 978
0 -320 -384 -18 4 1 0 -320 -384 -18
0 0 0 0 2 1 0 0 0 0
-384 128 -384 128 3 1 -384 128 -384 128 -384 128 -384 128 -400 656 -280 128 -400 656 -384 128 182 -254 876 -881
37 -512 512 -50 3 1 36 -512 512 -50
-128 128 -128 128 3 0 -128 128 -128 128
-448 -128 192 -128 2 0 -448 -128 192 -128 -448 -128 192 -128 633 -793 -448 -128 633 -793 -448 -128 -631 -409 -71 -1001
-256 -192 -256 -192 2 1 -256 -192 -256 -192
0 0 0 0 2 1 0 0 0 0
-256 -128 256 -128 2 0 -256 -128 256 -128 -256 -128 256 -128 -891 -172 -256 -128 -891 -172 -256 -128 -422 543 461 210
-209 384 279 -128 2 0 -208 384 278 -128
128 -320 -128 -512 3 1 128 -320 -128 -512
75 -64 128 -512 3 1 74 -64 128 -512
-209 128 -44 128 3 1 -208 128 -44 128
192 -350 192 -384 3 0 192 -350 192 -384
128 384 128 -128 2 0 128 384 128 -128
-128 -34 -128 -483 3 1 -128 -34 -128 -482 -128 -34 -128 -483 915 526 -128 -34 915 526 -128 -34 897 -850 -298 -911
48 256 112 -121 3 0 48 256 112 -120
-256 -128 -256 384 2 0 -256 -128 -256 384
-128 192 0 0 3 1 -128 192 0 0 -128 192 0 0 -513 42 -128 192 -513 42 -128 192 33 -757 335 991
-256 -384 -256 -384 3 0 -256 -384 -256 -384 -256 -384 -256 -384 440 706 -256 -384 440 706 -256 -384 -241 -453 963 879
8 334 237 -113 2 0 8 334 236 -112
192 48 192 117 3 1 192 48 192 116
-54 64 -384 -454 3 1 -54 64 -384 -454
